19210958
5109854
6210320
14971291
6378368
7367124
15385480
521438
16330631
12332395
15164977
7142471
16273977
23289600
23536582
939949
21969664
3116405
15576746
20678510
20787818
12684698
12547449
21445331
18801087
11933651
11352365
7806971
29096297
399544
26578770
1712937
23169186
20706929
14401964
3757799
30947485
6927580
28770555
6969178
4797416
9959567
99253
16112867
5096271
26232083
39792368
28063076
18267816
18107044
16851592
20635832
6718043
24133929
2605041
9387019
13516837
7982754
7338677
8837674
38329981
7017656
17002352
3340143
135282
12127629
26009439
30262459
18786234
29438047
18382279
284827
13691372
23263777
18990687
5077143
25847491
28817529
21183929
817079
10247285
12369186
21370952
25574246
28256563
27466829
18345786
4869755
25557540
3097604
7083770
14381905
6073251
736954
14586924
11258297
29227172
20541238
7846183
18862110
