280788988
294890146
293789680
285028709
293621630
292632874
284614520
299478562
283669284
287665011
284835022
292857529
283726023
276710357
276463375
299060051
278029642
296883251
284423254
279321381
279212182
287315302
287452511
278554669
281198913
288066336
288647603
292193029
270903346
299600453
273421224
298287063
276830794
279293071
285597853
296242201
269052442
293072305
271229412
293030748
295202472
290040354
299900747
283887132
294903705
273767890
259638469
271936924
281732117
281892956
283148401
279363753
293281949
275865573
297394959
290612981
286482887
292017246
292661323
291162280
261670019
292982344
282997588
296659742
299864718
287872371
273990325
269737318
281212809
270561004
281617721
299715173
286308507
276736100
281009313
294922839
274152392
271182225
278816029
299182920
289752608
287630523
278627668
274425587
271743064
272532138
281654201
295130237
274442358
296902361
292916230
285617940
293926705
299263046
285413074
288741703
270772005
279458560
292153775
281137831
